================================================================================
Global Statistics (Total Questions: 80)
================================================================================
multi tokens, lr = 1e-5, train steps = 1, warmup steps = 5

[Speed (tokens/s)]
  Mean:   58.3882
  Median: 58.1498
  Max:    80.2686
  Min:    41.2456

[Acceptance Rate (Accepted/Drafted)]
  Mean:   62.59%
  Median: 63.48%
  Max:    82.89%
  Min:    40.94%

[Avg Accept Length (per step)]
  Mean:   4.3698
  Median: 4.4368
  Max:    5.8026
  Min:    2.7672

[Online Loss]
  Mean:   3.637035
  Median: 3.544808
  Max:    5.156306
  Min:    2.608243

====================================================================================================
Per Question Details
====================================================================================================
Question ID  | Speed(t/s) | Acc Rate   | Avg Acc Len  | Tot Acc Tok  | Avg Loss   | Time(s) 
--------------------------------------------------------------------------------------------
81           | 60.39      | 67.46%     | 4.72         | 425          | 3.2028     | 8.53    
82           | 60.91      | 69.32%     | 4.85         | 427          | 3.9449     | 8.46    
83           | 54.82      | 56.40%     | 3.94         | 414          | 3.7283     | 9.47    
84           | 49.89      | 56.47%     | 3.94         | 410          | 3.8515     | 10.30   
85           | 54.65      | 59.00%     | 4.13         | 413          | 2.7337     | 9.39    
86           | 61.38      | 65.07%     | 4.53         | 421          | 3.1046     | 8.37    
87           | 60.23      | 68.54%     | 4.80         | 427          | 3.4085     | 8.57    
88           | 54.60      | 59.31%     | 4.14         | 414          | 2.9333     | 9.41    
89           | 50.75      | 56.24%     | 3.90         | 410          | 3.8461     | 10.15   
90           | 57.98      | 66.98%     | 4.68         | 426          | 3.1742     | 8.92    
91           | 46.80      | 51.02%     | 3.56         | 402          | 3.9789     | 11.00   
92           | 44.77      | 46.16%     | 3.20         | 391          | 4.5270     | 11.46   
93           | 50.87      | 53.49%     | 3.72         | 406          | 3.6046     | 10.12   
94           | 54.22      | 53.90%     | 3.74         | 408          | 3.4314     | 9.54    
95           | 41.25      | 40.94%     | 2.77         | 321          | 4.2711     | 10.60   
96           | 45.68      | 49.69%     | 3.47         | 403          | 3.9020     | 11.36   
97           | 57.61      | 65.23%     | 4.56         | 424          | 3.2565     | 8.97    
98           | 49.41      | 52.93%     | 3.70         | 407          | 4.0504     | 10.46   
99           | 59.52      | 68.65%     | 4.80         | 427          | 3.7785     | 8.67    
100          | 45.58      | 47.35%     | 3.27         | 393          | 4.0492     | 11.26   
101          | 55.64      | 57.86%     | 4.04         | 416          | 3.3300     | 9.33    
102          | 52.54      | 59.97%     | 4.19         | 415          | 3.6267     | 9.78    
103          | 56.02      | 60.50%     | 4.23         | 415          | 3.6773     | 9.16    
104          | 63.88      | 70.61%     | 4.94         | 430          | 3.0476     | 8.09    
105          | 72.91      | 67.14%     | 4.70         | 423          | 4.2715     | 7.04    
106          | 69.17      | 69.81%     | 4.89         | 430          | 3.3432     | 7.49    
107          | 60.33      | 64.92%     | 4.54         | 422          | 2.6337     | 8.54    
108          | 57.46      | 57.58%     | 4.02         | 414          | 3.5971     | 9.00    
109          | 51.86      | 60.84%     | 4.26         | 247          | 3.7303     | 5.88    
110          | 64.36      | 56.67%     | 3.96         | 412          | 4.6349     | 8.02    
111          | 64.21      | 76.54%     | 5.36         | 434          | 2.7045     | 8.02    
112          | 64.26      | 77.92%     | 5.45         | 240          | 3.5093     | 4.42    
113          | 65.70      | 74.65%     | 5.23         | 324          | 4.1946     | 5.88    
114          | 60.84      | 72.49%     | 5.07         | 411          | 3.0233     | 8.09    
115          | 73.28      | 82.14%     | 5.75         | 437          | 3.1249     | 7.00    
116          | 80.27      | 82.89%     | 5.80         | 441          | 3.3579     | 6.44    
117          | 76.33      | 77.32%     | 5.41         | 433          | 3.4170     | 6.72    
118          | 78.32      | 79.39%     | 5.56         | 439          | 2.6082     | 6.61    
119          | 65.05      | 74.87%     | 5.24         | 435          | 4.2329     | 7.96    
120          | 63.18      | 82.07%     | 5.75         | 293          | 3.2095     | 5.45    
121          | 60.81      | 68.38%     | 4.79         | 426          | 2.7813     | 8.47    
122          | 64.84      | 75.04%     | 5.25         | 436          | 3.0775     | 8.00    
123          | 62.25      | 68.70%     | 4.81         | 428          | 3.1102     | 8.30    
124          | 56.75      | 73.72%     | 5.14         | 432          | 4.0041     | 9.09    
125          | 56.58      | 56.18%     | 3.93         | 409          | 3.2789     | 9.07    
126          | 60.85      | 67.89%     | 4.74         | 427          | 3.5498     | 8.50    
127          | 59.84      | 65.23%     | 4.56         | 424          | 3.8685     | 8.64    
128          | 62.99      | 71.71%     | 5.01         | 431          | 3.4324     | 8.21    
129          | 59.96      | 64.52%     | 4.52         | 420          | 2.9950     | 8.56    
130          | 62.19      | 68.81%     | 4.81         | 428          | 3.4209     | 8.31    
131          | 60.55      | 66.07%     | 4.62         | 296          | 3.7495     | 5.95    
132          | 49.07      | 65.45%     | 4.58         | 197          | 4.5481     | 4.89    
133          | 58.12      | 63.55%     | 4.44         | 422          | 5.0859     | 8.89    
134          | 58.18      | 66.96%     | 4.69         | 375          | 4.6244     | 7.82    
135          | 76.56      | 64.44%     | 4.51         | 424          | 4.4908     | 6.77    
136          | 59.14      | 64.82%     | 4.54         | 422          | 5.1563     | 8.71    
137          | 52.76      | 62.09%     | 4.35         | 339          | 4.7923     | 7.90    
138          | 54.90      | 56.65%     | 3.96         | 396          | 4.6151     | 9.03    
139          | 56.51      | 62.74%     | 4.39         | 421          | 4.3401     | 9.15    
140          | 70.57      | 66.41%     | 4.65         | 423          | 4.5574     | 7.28    
141          | 59.34      | 62.80%     | 4.40         | 422          | 3.0010     | 8.73    
142          | 61.02      | 66.51%     | 4.65         | 423          | 3.4554     | 8.42    
143          | 60.44      | 66.25%     | 4.64         | 422          | 3.1430     | 8.49    
144          | 58.83      | 60.67%     | 4.23         | 415          | 3.6921     | 8.72    
145          | 57.19      | 57.92%     | 4.05         | 413          | 4.2095     | 9.01    
146          | 51.48      | 58.19%     | 4.04         | 412          | 3.2529     | 9.98    
147          | 51.69      | 51.28%     | 3.55         | 401          | 4.4561     | 9.94    
148          | 55.95      | 53.98%     | 3.77         | 407          | 3.2414     | 9.20    
149          | 56.36      | 61.73%     | 4.30         | 421          | 2.8750     | 9.21    
150          | 57.16      | 56.94%     | 3.98         | 410          | 3.4136     | 8.97    
151          | 59.49      | 64.77%     | 4.53         | 421          | 3.5398     | 8.64    
152          | 56.18      | 57.00%     | 3.95         | 411          | 2.7743     | 9.17    
153          | 46.78      | 48.84%     | 3.35         | 399          | 3.6173     | 11.07   
154          | 50.05      | 50.63%     | 3.48         | 400          | 4.2761     | 10.29   
155          | 54.89      | 51.99%     | 3.61         | 404          | 3.8332     | 9.40    
156          | 48.46      | 46.22%     | 3.20         | 391          | 3.2833     | 10.59   
157          | 60.07      | 63.40%     | 4.43         | 421          | 2.9698     | 8.59    
158          | 44.06      | 41.82%     | 2.89         | 381          | 3.4832     | 11.64   
159          | 66.68      | 55.72%     | 3.86         | 409          | 2.9655     | 7.72    
160          | 54.62      | 51.08%     | 3.57         | 403          | 3.9499     | 9.45    

================================================================================
Global Statistics (Total Questions: 80)
================================================================================
multi tokens, lr = 1e-5, train steps = 1, warmup steps = 5,

[Speed (tokens/s)]
  Mean:   59.3523
  Median: 59.0057
  Max:    90.7688
  Min:    41.0436

[Acceptance Rate (Accepted/Drafted)]
  Mean:   62.59%
  Median: 63.48%
  Max:    82.89%
  Min:    40.94%

[Avg Accept Length (per step)]
  Mean:   4.3698
  Median: 4.4368
  Max:    5.8026
  Min:    2.7672

[Online Loss]
  Mean:   3.637035
  Median: 3.544808
  Max:    5.156306
  Min:    2.608243

====================================================================================================
Per Question Details
====================================================================================================
Question ID  | Speed(t/s) | Acc Rate   | Avg Acc Len  | Tot Acc Tok  | Avg Loss   | Time(s) 
--------------------------------------------------------------------------------------------
81           | 61.05      | 67.46%     | 4.72         | 425          | 3.2028     | 8.44    
82           | 61.24      | 69.32%     | 4.85         | 427          | 3.9449     | 8.41    
83           | 52.54      | 56.40%     | 3.94         | 414          | 3.7283     | 9.88    
84           | 56.18      | 56.47%     | 3.94         | 410          | 3.8515     | 9.15    
85           | 54.12      | 59.00%     | 4.13         | 413          | 2.7337     | 9.48    
86           | 60.25      | 65.07%     | 4.53         | 421          | 3.1046     | 8.53    
87           | 61.88      | 68.54%     | 4.80         | 427          | 3.4085     | 8.34    
88           | 57.76      | 59.31%     | 4.14         | 414          | 2.9333     | 8.90    
89           | 61.00      | 56.24%     | 3.90         | 410          | 3.8461     | 8.44    
90           | 61.13      | 66.98%     | 4.68         | 426          | 3.1742     | 8.46    
91           | 50.17      | 51.02%     | 3.56         | 402          | 3.9789     | 10.26   
92           | 46.11      | 46.16%     | 3.20         | 391          | 4.5270     | 11.12   
93           | 52.95      | 53.49%     | 3.72         | 406          | 3.6046     | 9.73    
94           | 55.37      | 53.90%     | 3.74         | 408          | 3.4314     | 9.34    
95           | 41.04      | 40.94%     | 2.77         | 321          | 4.2711     | 10.65   
96           | 51.83      | 49.69%     | 3.47         | 403          | 3.9020     | 10.01   
97           | 58.89      | 65.23%     | 4.56         | 424          | 3.2565     | 8.78    
98           | 48.37      | 52.93%     | 3.70         | 407          | 4.0504     | 10.69   
99           | 72.38      | 68.65%     | 4.80         | 427          | 3.7785     | 7.13    
100          | 46.44      | 47.35%     | 3.27         | 393          | 4.0492     | 11.05   
101          | 51.06      | 57.86%     | 4.04         | 416          | 3.3300     | 10.17   
102          | 66.22      | 59.97%     | 4.19         | 415          | 3.6267     | 7.76    
103          | 57.47      | 60.50%     | 4.23         | 415          | 3.6773     | 8.93    
104          | 86.52      | 70.61%     | 4.94         | 430          | 3.0476     | 5.98    
105          | 59.61      | 67.14%     | 4.70         | 423          | 4.2715     | 8.61    
106          | 62.30      | 69.81%     | 4.89         | 430          | 3.3432     | 8.31    
107          | 60.45      | 64.92%     | 4.54         | 422          | 2.6337     | 8.52    
108          | 53.78      | 57.58%     | 4.02         | 414          | 3.5971     | 9.61    
109          | 69.18      | 60.84%     | 4.26         | 247          | 3.7303     | 4.41    
110          | 49.33      | 56.67%     | 3.96         | 412          | 4.6349     | 10.46   
111          | 76.36      | 76.54%     | 5.36         | 434          | 2.7045     | 6.74    
112          | 75.01      | 77.92%     | 5.45         | 240          | 3.5093     | 3.79    
113          | 62.68      | 74.65%     | 5.23         | 324          | 4.1946     | 6.16    
114          | 71.74      | 72.49%     | 5.07         | 411          | 3.0233     | 6.86    
115          | 69.77      | 82.14%     | 5.75         | 437          | 3.1249     | 7.35    
116          | 75.59      | 82.89%     | 5.80         | 441          | 3.3579     | 6.84    
117          | 75.11      | 77.32%     | 5.41         | 433          | 3.4170     | 6.83    
118          | 78.48      | 79.39%     | 5.56         | 439          | 2.6082     | 6.60    
119          | 64.74      | 74.87%     | 5.24         | 435          | 4.2329     | 8.00    
120          | 65.02      | 82.07%     | 5.75         | 293          | 3.2095     | 5.29    
121          | 61.77      | 68.38%     | 4.79         | 426          | 2.7813     | 8.34    
122          | 90.77      | 75.04%     | 5.25         | 436          | 3.0775     | 5.72    
123          | 61.69      | 68.70%     | 4.81         | 428          | 3.1102     | 8.38    
124          | 62.59      | 73.72%     | 5.14         | 432          | 4.0041     | 8.24    
125          | 52.80      | 56.18%     | 3.93         | 409          | 3.2789     | 9.72    
126          | 64.45      | 67.89%     | 4.74         | 427          | 3.5498     | 8.02    
127          | 60.41      | 65.23%     | 4.56         | 424          | 3.8685     | 8.56    
128          | 62.94      | 71.71%     | 5.01         | 431          | 3.4324     | 8.21    
129          | 42.56      | 64.52%     | 4.52         | 420          | 2.9950     | 12.05   
130          | 48.80      | 68.81%     | 4.81         | 428          | 3.4209     | 10.59   
131          | 58.22      | 66.07%     | 4.62         | 296          | 3.7495     | 6.18    
132          | 64.37      | 65.45%     | 4.58         | 197          | 4.5481     | 3.73    
133          | 58.76      | 63.55%     | 4.44         | 422          | 5.0859     | 8.80    
134          | 73.23      | 66.96%     | 4.69         | 375          | 4.6244     | 6.21    
135          | 57.53      | 64.44%     | 4.51         | 424          | 4.4908     | 9.00    
136          | 59.12      | 64.82%     | 4.54         | 422          | 5.1563     | 8.71    
137          | 53.75      | 62.09%     | 4.35         | 339          | 4.7923     | 7.76    
138          | 62.17      | 56.65%     | 3.96         | 396          | 4.6151     | 7.98    
139          | 54.02      | 62.74%     | 4.39         | 421          | 4.3401     | 9.57    
140          | 57.87      | 66.41%     | 4.65         | 423          | 4.5574     | 8.88    
141          | 59.41      | 62.80%     | 4.40         | 422          | 3.0010     | 8.72    
142          | 61.70      | 66.51%     | 4.65         | 423          | 3.4554     | 8.33    
143          | 58.65      | 66.25%     | 4.64         | 422          | 3.1430     | 8.75    
144          | 58.44      | 60.67%     | 4.23         | 415          | 3.6921     | 8.78    
145          | 56.68      | 57.92%     | 4.05         | 413          | 4.2095     | 9.09    
146          | 49.06      | 58.19%     | 4.04         | 412          | 3.2529     | 10.48   
147          | 49.81      | 51.28%     | 3.55         | 401          | 4.4561     | 10.32   
148          | 70.76      | 53.98%     | 3.77         | 407          | 3.2414     | 7.28    
149          | 59.40      | 61.73%     | 4.30         | 421          | 2.8750     | 8.74    
150          | 55.19      | 56.94%     | 3.98         | 410          | 3.4136     | 9.29    
151          | 59.95      | 64.77%     | 4.53         | 421          | 3.5398     | 8.57    
152          | 55.91      | 57.00%     | 3.95         | 411          | 2.7743     | 9.21    
153          | 52.49      | 48.84%     | 3.35         | 399          | 3.6173     | 9.87    
154          | 43.59      | 50.63%     | 3.48         | 400          | 4.2761     | 11.81   
155          | 53.78      | 51.99%     | 3.61         | 404          | 3.8332     | 9.60    
156          | 47.82      | 46.22%     | 3.20         | 391          | 3.2833     | 10.73   
157          | 59.79      | 63.40%     | 4.43         | 421          | 2.9698     | 8.63    
158          | 43.91      | 41.82%     | 2.89         | 381          | 3.4832     | 11.68   
159          | 53.98      | 55.72%     | 3.86         | 409          | 2.9655     | 9.54    
160          | 48.91      | 51.08%     | 3.57         | 403          | 3.9499     | 10.55   
